0.08607		1.45063623513		0.0728602336883
0.10662		1.61146706332		0.444541575366
0.12718		1.79099826563		0.951487147533
0.14773		1.99379235348		1.55089008058
0.16829		2.22500339357		2.23264117958
0.18884		2.49077328111		2.99722954926
0.2094		2.79862873803		3.85074045115
0.22995		3.15796421297		4.80325587867
0.25051		3.58064912246		5.86895110677
0.27106		4.08184990981		7.06579484977
0.29162		4.68112296342		8.41684324246
0.31217		5.4038120996		9.95153844796
0.33273		6.28333897882		11.7068969768
0.35328		7.36353026568		13.7301031161
0.37384		8.70182926489		16.0816828356
0.39439		10.3731122499		18.8394792334
0.41495		12.4724684374		22.1033824141
0.4355		15.1144148095		26.0003340246
0.45606		18.4197114074		30.6879862016
0.47661		22.4737494313		36.3509559745
0.49717		27.2276750174		43.1792528116
0.51772		32.3208492745		51.3108015531
0.53828		36.8794759123		60.718614404
0.55883		39.5127435594		71.043716306
0.57939		38.6781972495		81.2852495342
0.59994		32.4619528703		85.4480360657
0.6205		45.5385760585		93.4704282538
0.64105		34.5263657707		109.823847995
0.66161		27.91810835		117.752301635
0.68216		22.9081274047		123.866843863
0.70272		18.9656140921		128.830008289
0.72327		15.8512374211		132.923896104
0.74383		13.3836512976		136.340635204
0.76438		11.417272972		139.223860393
0.78494		9.83781404074		141.683373402
0.80549		8.55762320527		143.803737349
0.82605		7.51012038538		145.650029496
0.8466		6.64492475486		147.2734491
0.86716		5.92375948596		148.713102534
0.88771		5.31777183091		150.00091068
0.90827		4.80458081746		151.163095386
0.92882		4.36686776516		152.221205502
0.94938		3.99115275343		153.192951026
0.96993		3.66698904179		154.093908614
0.99049		3.38693631908		154.944838075
1.01104		3.14152277255		155.779282136
1.0316		2.92386107372		156.592175725
1.05215		2.72953713116		157.384644179
1.07271		2.55506866908		158.158109094
1.09326		2.39767798817		158.913886259
1.11382		2.25510446128		159.653289665
1.13437		2.12548436184		160.377929561
1.15493		2.00725528886		161.089315371
1.17548		1.89909828527		161.789053977
1.19604		1.7998923588		162.478951938
1.21659		1.70867390874		163.16071401
1.23715		1.62460530526		163.836344889
1.2577		1.54695955841		164.507747943
1.27826		1.47509856654		165.17702662
1.29881		1.40845668738		165.846383352
1.31937		1.34653149737		166.518220726
1.33992		1.28887534824		167.195040533
1.36048		1.23508032989		167.879344751
1.38103		1.18477983814		168.573834718
1.40159		1.13763473823		169.281511973
1.42214		1.0933358608		170.00537753
1.4427		1.05159131712		170.748332604
1.46325		1.01213195387		171.513677975
1.48381		0.974697766338		172.304614613
1.50436		0.939044303301		173.124443124
1.52492		0.904933200327		173.976264295
1.54547		0.872138533147		174.8631786
1.56603		0.84043741577		175.788086685
1.58658		0.809616310674		176.753488922
1.60714		0.77946773186		177.761285848
1.62769		0.749795507728		178.813077759
1.64825		0.720413542458		179.909465102
1.6688		0.691153062833		181.049848116
1.68936		0.661866455239		182.232827178
1.70991		0.632433473312		183.455202479
1.73047		0.602767118719		184.71247434
1.75102		0.572817805396		185.998342916
1.77158		0.542582288649		187.304408482
1.79213		0.512102764852		188.620771163
1.81269		0.481474813479		189.935931196
1.83324		0.45083438059		191.236388684
1.8538		0.420355661847		192.507643833
1.87435		0.390247147039		193.734296726
1.89491		0.360733395058		194.900847543
1.91546		0.332040989502		195.991296352
1.93602		0.304387392026		196.990243311
1.95657		0.277967898255		197.883288476
1.97713		0.252949547618		198.657231986
1.99768		0.229471172686		199.300573887
2.01824		0.20769476184		199.805714302
2.03879		0.187485034944		200.19615327
2.05935		0.168786337176		200.438390899
2.0799		0.151617611953		200.525427221
2.10046		0.135936336159		200.451062335
2.12101		0.121678852441		200.208996264
2.14157		0.108767406721		199.792529097
2.16212		0.0971131868745		199.194960855
2.18268		0.0866263849208		198.408091618
2.20323		0.0772141925728		197.421921401
2.22379		0.0687908650724		196.224050276
2.24434		0.0612726908477		194.799178257
2.2649		0.0545830198199		193.12940541
2.28545		0.0486532756735		191.193531743
2.30601		0.0434249631899		188.967257318
2.32656		0.0388456421036		186.423282142
2.34712		0.0348719435073		183.533406269
2.36767		0.0314705794497		180.270929705
2.38823		0.0286153163966		176.6150525
2.40878		0.0262889915694		172.557074659
2.42934		0.0244825019865		168.108096228
2.44989		0.0231948057556		163.307217208
2.47045		0.0224359406157		158.227937644
2.491		0.0222189673915		152.980257535
2.51156		0.0225700393069		147.702776923
2.53211		0.0235213525929		142.548395806
2.55267		0.025110137195		137.664914221
2.57322		0.0273867147531		133.177032169
2.59378		0.0304014038949		129.175449682
2.61433		0.0342125785954		125.71496676
2.63489		0.0388806234206		122.818683434
2.65544		0.0444649145921		120.484999703
2.676		0.0510187827826		118.696515596
2.69655		0.0585854884272		117.426231111
2.71711		0.0671891568455		116.642146275
2.73766		0.0768277344134		116.310361085
2.75822		0.0874629172951		116.396475568
2.77877		0.0990110959038		116.86628972
2.79933		0.111337311735		117.685003566
2.81988		0.124249224564		118.817617102
2.84044		0.137498117028		120.22803035
2.86099		0.150787966154		121.878943308
2.88155		0.163791548589		123.731855997
2.9021		0.176165552129		125.747368412
2.92266		0.187584800198		127.886080575
2.94321		0.197760381277		130.109092481
2.96377		0.206468834399		132.379704149
2.98432		0.213560208352		134.663915576
3.00488		0.21896610153		136.931626778
3.02543		0.222698660031		139.157037753
3.04599		0.224835461617		141.319048517
3.06654		0.225507441174		143.401159065
3.0871		0.224877736524		145.391469415
3.10765		0.223129616159		147.281879561
3.12821		0.220448347927		149.06808952
3.14876		0.217012148481		150.748199287
3.16932		0.212986134578		152.323008876
3.18987		0.208517299659		153.794818283
3.21043		0.203734506354		155.167127522
3.23098		0.198743462719		156.444436589
3.25154		0.193633762061		157.631745497
3.27209		0.188476878371		158.734354241
3.29265		0.18333119302		159.757562835
3.3132		0.178239989387		160.706671273
3.33376		0.173237486461		161.587079569
3.35431		0.168347839273		162.403587717
3.37487		0.163589159483		163.160995729
3.39542		0.158975534874		163.863803601
3.41598		0.154512997453		164.516011345
3.43653		0.150205568759		165.121618954
3.45709		0.14605626122		165.684126442
3.47764		0.142062050491		166.206833802
3.4982		0.138222929755		166.692841045
3.51875		0.134533861942		167.144948168
3.53931		0.130990814644		167.565855179
3.55986		0.127588751295		167.957762075
3.58042		0.124322633613		168.322968865
3.60097		0.121188432038		168.663275544
3.62153		0.118178089401		168.980782123
3.64208		0.115288583128		169.276888597
3.66264		0.112512863188		169.553294973
3.68319		0.109845894463		169.81140125
3.70375		0.107283646947		170.052607434
3.7243		0.104819072984		170.277913522
3.74486		0.102448143085		170.488619522
3.76541		0.10016783582		170.685625431
3.78597		0.0979721092143		170.869931254
3.80652		0.0958569357176		171.04223699
3.82708		0.0938192930978		171.203542645
3.84763		0.0918541476517		171.354348216
3.86819		0.0899594839137		171.49555371
3.88874		0.0881312748563		171.627659123
3.9093		0.086365492485		171.751264462
3.92985		0.084660122824		171.866969723
3.95041		0.083012144553		171.975274913
3.97096		0.0814185374761		172.076580029
3.99152		0.0798772869057		172.171385077
4.01207		0.0783863791858		172.259890054
4.03263		0.0769427934534		172.342694965
4.05318		0.0755435098379		172.419999807
4.07374		0.0741885267679		172.492204587
4.09429		0.0728748244887		172.559509301
4.11485		0.0716003888685		172.622313955
4.1354		0.0703642129733		172.680818545
4.15596		0.0691642828127		172.735323078
4.17651		0.067998585207		172.786027549
4.19707		0.06686711896		172.833131965
4.21762		0.0657668646468		172.876836322
4.23818		0.0646978211756		172.917340625
4.25873		0.063656969216		172.954744872
4.27929		0.0626453140754		172.989249067
4.29984		0.0616608427956		173.021053208
4.3204		0.0607025481518		173.050257299
4.34095		0.0597694235495		173.076961338
4.36151		0.058859455564		173.101465328
4.38206		0.0579736502191		173.123669268
4.40262		0.0571099941625		173.143773163
4.42317		0.0562674808955		173.161977008
4.44373		0.0554461096893		173.178280808
4.46428		0.0546448740758		173.192884562
4.48484		0.0538627671185		173.205688273
4.50539		0.0530987823921		173.216891938
4.52595		0.052352919271		173.226595562
4.5465		0.0516251775983		173.234799141
4.56706		0.0509135443031		173.241602681
4.58761		0.0502180192594		173.247106179
4.60817		0.0495386019202		173.251309637
4.62872		0.0488742859398		173.254313055
4.64928		0.0482240645878		173.256216435
4.66983		0.0475879377704		173.257019776
4.69039		0.0469669112216		173.256823081
4.71094		0.0463579662169		173.255626347
4.7315		0.0457621085266		173.253529579
4.75205		0.0451783318747		173.250432773
4.77261		0.0446076420415		173.246635933
4.79316		0.0440480265699		173.241939058
4.81372		0.043499485074		173.23644215
4.83427		0.0429630236869		173.230145207
4.85483		0.0424366296678		173.223248233
4.87538		0.0419203029789		173.215551224
4.89594		0.0414150494483		173.207354186
4.91649		0.040918856691		173.198357114
4.93705		0.0404327305524		173.188860013
4.9576		0.0399556648349		173.17886288
4.97816		0.0394876592319		173.168265719
4.99871		0.0390277075643		173.157168527
5.01927		0.0385778218489		173.145571307
5.03982		0.0381349836094		173.133574057
5.06038		0.0377001987267		173.12107678
5.08093		0.0372744733267		173.108079475
5.10149		0.0368547887264		173.094782143
5.12204		0.0364441633317		173.081084783
5.1426		0.03603957849		173.066887398
5.16315		0.03564304646		173.052489986
5.18371		0.0352525547517		173.037592549
5.20426		0.0348691094902		173.022495085
5.22482		0.0344927104508		173.006997598
5.24537		0.0341223515145		172.991300085
5.26593		0.0337580324743		172.975202549
5.28648		0.0333997533342		172.958904988
5.30704		0.0330475138949		172.942307404
5.32759		0.0327013141597		172.925509796
5.34815		0.0323611539365		172.908412167
5.3687		0.032026027133		172.891114513
5.38926		0.0316959335729		172.873616839
5.40981		0.031371879357		172.855919141
5.43037		0.03105285822		172.838021423
5.45092		0.0307388701726		172.819923683
5.47148		0.0304289089705		172.801625922
5.49203		0.0301249867878		172.78322814
5.51259		0.0298250913079		172.764630338
5.53314		0.0295302286209		172.745832516
5.5537		0.0292393925049		172.726934674
5.57425		0.0289535890434		172.707836811
5.59481		0.0286718120252		172.688638931
5.61536		0.0283940614668		172.66924103
5.63592		0.0281203372337		172.649843111
5.65647		0.0278506393415		172.630245173
5.67703		0.0275859737135		172.610547217
5.69758		0.027324328256		172.590849242
5.71814		0.027066708899		172.570951251
5.73869		0.0268121096117		172.55095324
5.75925		0.0265615363232		172.530855214
5.7798		0.0263149890469		172.510757169
5.80036		0.026071461628		172.490459108
5.82091		0.0258319601221		172.470161029
5.84147		0.025595478383		172.449762935
5.86202		0.0253620164305		172.429364823
5.88258		0.0251315741619		172.408866697
5.90313		0.0249051576216		172.388268553
5.92369		0.0246807546574		172.367570395
5.94424		0.0244603773356		172.34687222
5.9648		0.0242430195348		172.326174031
5.98535		0.0240276752574		172.305375826
6.00591		0.0238153504304		172.284577607
6.02646		0.0236070510816		172.263679372
6.04702		0.0234007650969		172.242781124
6.06757		0.0231964924995		172.22178286
6.08813		0.0229962452169		172.200884583
6.10868		0.0227970052527		172.179786291
6.12924		0.0226017905342		172.158787985
6.14979		0.0224085890753		172.137789666
6.17035		0.0222174008005		172.116691334
6.1909		0.0220292317237		172.095592987
6.21146		0.0218430757745		172.074394628
6.23201		0.0216599389618		172.053296255
6.25257		0.0214788152221		172.03209787
6.27312		0.0212997045749		172.010999472
6.29368		0.0211226069516		171.989801061
6.31423		0.0209485283514		171.968602638
6.33479		0.0207754567453		171.947404203
6.35534		0.02060540411		171.926205755
6.3759		0.0204373644007		171.905007295
6.39645		0.0202713376354		171.883808823
6.41701		0.0201073237512		171.86261034
6.43756		0.0199443167978		171.841411845
6.45812		0.0197843286518		171.820213339
6.47867		0.0196263533602		171.79901482
6.49923		0.019469384902		171.777716292
6.51978		0.0193144292592		171.756517751
6.54034		0.0191624923323		171.7354192
6.56089		0.019011562219		171.714220638
6.58145		0.0188616388695		171.693022065
6.602		0.0187147342088		171.671823482
6.62256		0.0185688362766		171.650724888
6.64311		0.0184239450931		171.629626283
6.66367		0.0182820725043		171.608427669
6.68422		0.0181412066293		171.587329044
6.70478		0.0180013474225		171.566230409
6.72533		0.017863500844		171.545131764
6.74589		0.017727666844		171.52413311
6.76644		0.0175928394983		171.503034445
6.787		0.0174600246993		171.482035772
6.80755		0.017328216526		171.461037088
6.82811		0.0171984208686		171.440038396
6.84866		0.0170696318091		171.419039693
6.86922		0.0169418493068		171.398040982
6.88977		0.0168160793057		171.377142261
6.91033		0.0166913158359		171.356243532
6.93088		0.0165685648374		171.335344793
6.95144		0.0164468203451		171.314446046
6.97199		0.016326082375		171.29364729
6.99255		0.0162063508898		171.272748525
7.0131		0.0160886318219		171.251949752
7.03366		0.0159719192149		171.23125097
7.05421		0.0158562130842		171.21045218
7.07477		0.015742519306		171.189753381
7.09532		0.0156288260702		171.169054574
7.11588		0.0155171451642		171.14835576
7.13643		0.0154064706907		171.127756937
7.15699		0.0152968026162		171.107158106
7.17754		0.0151881409548		171.086559267
7.1981		0.0150804856739		171.065960421
7.21865		0.0149748426878		171.045461566
7.23921		0.0148692001618		171.024962704
7.25976		0.014765569909		171.004463835